# lf Colors - OneDark Theme (matching Neovim config)
# Format: pattern	color (separated by tab)
# Colors: 24-bit ANSI codes (38;2;R;G;B)
#
# OneDark Palette (from Neovim config):
#   black:    #1e222a  (30;34;42)
#   grey:     #282c34  (40;44;52)
#   white:    #abb2bf  (171;178;191)
#   green:    #7EC7A2  (126;199;162)
#   blue:     #61afef  (97;175;239)
#   darkblue: #668ee3  (102;142;227)
#   red:      #e06c75  (224;108;117)
#   yellow:   #EBCB8B  (235;203;139)
#   orange:   #caaa6a  (202;170;106)
#   pink:     #c678dd  (198;120;221)
#   cyan:     #56b6c2  (86;182;194)
#   grey_dim: #545862  (84;88;98)

# Directories
di	38;2;97;175;239;1

# Symlinks
ln	38;2;86;182;194
or	38;2;224;108;117;9;4

# Special files
so	38;2;198;120;221
pi	38;2;235;203;139
bd	38;2;235;203;139;1
cd	38;2;235;203;139;1

# Executables
ex	38;2;126;199;162;1

# Archives (Orange)
*.tar	38;2;202;170;106
*.tgz	38;2;202;170;106
*.arc	38;2;202;170;106
*.arj	38;2;202;170;106
*.taz	38;2;202;170;106
*.lha	38;2;202;170;106
*.lz4	38;2;202;170;106
*.lzh	38;2;202;170;106
*.lzma	38;2;202;170;106
*.tlz	38;2;202;170;106
*.txz	38;2;202;170;106
*.tzo	38;2;202;170;106
*.t7z	38;2;202;170;106
*.zip	38;2;202;170;106
*.z	38;2;202;170;106
*.dz	38;2;202;170;106
*.gz	38;2;202;170;106
*.lrz	38;2;202;170;106
*.lz	38;2;202;170;106
*.lzo	38;2;202;170;106
*.xz	38;2;202;170;106
*.zst	38;2;202;170;106
*.tzst	38;2;202;170;106
*.bz2	38;2;202;170;106
*.bz	38;2;202;170;106
*.tbz	38;2;202;170;106
*.tbz2	38;2;202;170;106
*.tz	38;2;202;170;106
*.deb	38;2;202;170;106
*.rpm	38;2;202;170;106
*.jar	38;2;202;170;106
*.war	38;2;202;170;106
*.ear	38;2;202;170;106
*.sar	38;2;202;170;106
*.rar	38;2;202;170;106
*.alz	38;2;202;170;106
*.ace	38;2;202;170;106
*.zoo	38;2;202;170;106
*.cpio	38;2;202;170;106
*.7z	38;2;202;170;106
*.rz	38;2;202;170;106
*.cab	38;2;202;170;106
*.wim	38;2;202;170;106
*.swm	38;2;202;170;106
*.dwm	38;2;202;170;106
*.esd	38;2;202;170;106

# Images (Pink)
*.jpg	38;2;198;120;221
*.jpeg	38;2;198;120;221
*.mjpg	38;2;198;120;221
*.mjpeg	38;2;198;120;221
*.gif	38;2;198;120;221
*.bmp	38;2;198;120;221
*.pbm	38;2;198;120;221
*.pgm	38;2;198;120;221
*.ppm	38;2;198;120;221
*.tga	38;2;198;120;221
*.xbm	38;2;198;120;221
*.xpm	38;2;198;120;221
*.tif	38;2;198;120;221
*.tiff	38;2;198;120;221
*.png	38;2;198;120;221
*.svg	38;2;198;120;221
*.svgz	38;2;198;120;221
*.mng	38;2;198;120;221
*.pcx	38;2;198;120;221
*.webp	38;2;198;120;221
*.ico	38;2;198;120;221
*.psd	38;2;198;120;221
*.xcf	38;2;198;120;221
*.ai	38;2;198;120;221
*.eps	38;2;198;120;221

# Video (Pink - Bold)
*.mov	38;2;198;120;221;1
*.mpg	38;2;198;120;221;1
*.mpeg	38;2;198;120;221;1
*.m2v	38;2;198;120;221;1
*.mkv	38;2;198;120;221;1
*.webm	38;2;198;120;221;1
*.ogm	38;2;198;120;221;1
*.mp4	38;2;198;120;221;1
*.m4v	38;2;198;120;221;1
*.mp4v	38;2;198;120;221;1
*.vob	38;2;198;120;221;1
*.qt	38;2;198;120;221;1
*.nuv	38;2;198;120;221;1
*.wmv	38;2;198;120;221;1
*.asf	38;2;198;120;221;1
*.rm	38;2;198;120;221;1
*.rmvb	38;2;198;120;221;1
*.flc	38;2;198;120;221;1
*.avi	38;2;198;120;221;1
*.fli	38;2;198;120;221;1
*.flv	38;2;198;120;221;1
*.gl	38;2;198;120;221;1
*.dl	38;2;198;120;221;1

# Audio (Cyan)
*.aac	38;2;86;182;194
*.au	38;2;86;182;194
*.flac	38;2;86;182;194
*.m4a	38;2;86;182;194
*.mid	38;2;86;182;194
*.midi	38;2;86;182;194
*.mka	38;2;86;182;194
*.mp3	38;2;86;182;194
*.mpc	38;2;86;182;194
*.ogg	38;2;86;182;194
*.ra	38;2;86;182;194
*.wav	38;2;86;182;194
*.oga	38;2;86;182;194
*.opus	38;2;86;182;194
*.spx	38;2;86;182;194
*.xspf	38;2;86;182;194
*.wma	38;2;86;182;194

# Documents
*.pdf	38;2;224;108;117
*.doc	38;2;97;175;239
*.docx	38;2;97;175;239
*.xls	38;2;126;199;162
*.xlsx	38;2;126;199;162
*.ppt	38;2;202;170;106
*.pptx	38;2;202;170;106
*.odt	38;2;97;175;239
*.ods	38;2;126;199;162
*.odp	38;2;202;170;106
*.rtf	38;2;171;178;191
*.txt	38;2;171;178;191

# Source Code (Green for Python/Shell, Blue for others, Yellow for JS/JSON)
*.py	38;2;126;199;162
*.js	38;2;235;203;139
*.ts	38;2;97;175;239
*.jsx	38;2;86;182;194
*.tsx	38;2;86;182;194
*.go	38;2;86;182;194
*.rs	38;2;202;170;106
*.c	38;2;97;175;239
*.h	38;2;97;175;239
*.cpp	38;2;97;175;239
*.hpp	38;2;97;175;239
*.java	38;2;224;108;117
*.rb	38;2;224;108;117
*.php	38;2;198;120;221
*.lua	38;2;97;175;239
*.vim	38;2;126;199;162
*.sh	38;2;126;199;162
*.bash	38;2;126;199;162
*.zsh	38;2;126;199;162
*.fish	38;2;126;199;162
*.bat	38;2;126;199;162
*.cmd	38;2;126;199;162
*.ps1	38;2;97;175;239

# Config Files (Yellow)
*.json	38;2;235;203;139
*.yaml	38;2;235;203;139
*.yml	38;2;235;203;139
*.toml	38;2;235;203;139
*.ini	38;2;235;203;139
*.cfg	38;2;235;203;139
*.conf	38;2;235;203;139
*.xml	38;2;235;203;139

# Markdown/Docs (Blue)
*.md	38;2;97;175;239
*.markdown	38;2;97;175;239
*.rst	38;2;97;175;239
*.org	38;2;97;175;239

# Web (Orange for HTML, Blue for CSS, Pink for SCSS/SASS)
*.html	38;2;202;170;106
*.htm	38;2;202;170;106
*.css	38;2;97;175;239
*.scss	38;2;198;120;221
*.sass	38;2;198;120;221
*.less	38;2;198;120;221

# Git (Grey)
.git	38;2;84;88;98
.gitignore	38;2;171;178;191
.gitmodules	38;2;171;178;191
.gitattributes	38;2;171;178;191

# Executables (Green + Bold)
*.exe	38;2;126;199;162;1
*.msi	38;2;126;199;162;1
*.dll	38;2;171;178;191
*.so	38;2;171;178;191
*.dylib	38;2;171;178;191

# Special Files (Yellow)
*Makefile	38;2;235;203;139
*Dockerfile	38;2;86;182;194
*docker-compose.yml	38;2;86;182;194
*LICENSE	38;2;235;203;139
*README	38;2;235;203;139
*README.md	38;2;235;203;139

# Modern Web Frameworks (Cyan/Blue)
*.svelte	38;2;224;108;117
*.astro	38;2;202;170;106
*.vue	38;2;126;199;162

# WebAssembly (Purple)
*.wasm	38;2;198;120;221
*.wat	38;2;198;120;221

# Terraform/Infrastructure (Purple)
*.tf	38;2;198;120;221
*.tfvars	38;2;198;120;221
*.hcl	38;2;198;120;221

# Prisma/Database (Cyan)
*.prisma	38;2;86;182;194
*.graphql	38;2;198;120;221
*.gql	38;2;198;120;221

# Zig/Nim/Modern Languages
*.zig	38;2;202;170;106
*.nim	38;2;235;203;139

# Additional Config
*.env	38;2;235;203;139
*.env.local	38;2;235;203;139
*.env.development	38;2;235;203;139
*.env.production	38;2;235;203;139
*.editorconfig	38;2;171;178;191
*.prettierrc	38;2;171;178;191
*.eslintrc	38;2;171;178;191

# Lock files (Dimmed)
*.lock	38;2;84;88;98
*-lock.json	38;2;84;88;98
*-lock.yaml	38;2;84;88;98

# Backup/Temp files (Dimmed)
*.bak	38;2;84;88;98
*.tmp	38;2;84;88;98
*.temp	38;2;84;88;98
*.swp	38;2;84;88;98
*.swo	38;2;84;88;98
*~	38;2;84;88;98
